geojson claro/35.asc
ncols         250
nrows         294
xllcorner     356259.7379845
yllcorner     7594389.0290068
cellsize      1116.07132812
NODATA_value  -9999
[rows 84 to 111 of 294, columns 126 to 188 of 250]
4157.522 4157.256 4175.555 4214.441 4264.046 4293.823 4306.323 4317.121 4356.706 4438.6 4532.563 4612.3 4660.645 4687.282 4693.27 4675.997 4657.441 4633.228 4592.851 4527.974 4459.387 4400.716 4357.487 4325.054 4304.004 4301.166 4306.481 4329.975 4351.523 4358.462 4348.156 4318.79 4275.76 4225.019 4186.243 4161.657 4162.692 4191.147 4236.796 4288.404 4308.249 4289.179 4223.433 4156.095 4088.537 4018.622 3963.973 3925.923 3920.876 3940.361 3977.14 3988.097 3961.172 3897.522 3831.763 3794.11 3773.724 3754.005 3736.658 3724.195 3719.151 3724.258 3740.546
4148.131 4137.414 4139.722 4158.802 4189.077 4215.317 4240.252 4270.78 4325.579 4408.863 4493.985 4559.806 4598.418 4625.245 4646.616 4656.403 4666.073 4664.013 4634.56 4575.829 4503.731 4438.549 4392.693 4357.552 4338.409 4335.745 4344.267 4365.089 4388.855 4399.486 4399.803 4387.225 4357.014 4316.684 4279.77 4247.044 4236.217 4253.221 4283.718 4306.033 4312.097 4287.054 4219.845 4150.787 4081.727 4006.847 3945.321 3902.918 3892.83 3903.331 3928.234 3938.147 3914.358 3863.431 3809.835 3778.93 3761.094 3747.027 3735.158 3726.553 3723.023 3726.229 3736.454
4141.394 4117.788 4102.919 4104.068 4119.686 4148.062 4183.967 4231.477 4303.387 4384.509 4452.364 4494.327 4524.062 4555.483 4589.012 4622.357 4665.221 4692.59 4681.029 4630.312 4563.715 4500.503 4446.113 4406.498 4389.738 4389.292 4399.303 4415.742 4437.411 4454.066 4467.07 4472.401 4456.986 4427.452 4393.367 4356.198 4330.032 4325.63 4334.848 4335.285 4316.19 4279.193 4210.548 4140.054 4073.564 4002.124 3941.741 3900.651 3887.577 3890.3 3902.702 3912.415 3893.889 3843.575 3799.343 3771.424 3754.963 3743.599 3734.599 3727.677 3723.547 3722.828 3725.092
4136.619 4102.385 4075.249 4063.084 4070.103 4096.58 4136.968 4202.7 4281.324 4351.417 4395.754 4422.662 4452.361 4488.74 4536.224 4600.489 4667.763 4715.887 4730.919 4703.966 4649.977 4583.407 4516.721 4468.254 4447.196 4449.397 4467.848 4487.556 4507.497 4528.609 4553.638 4576.521 4578.016 4559.176 4526.89 4483.294 4441.077 4413.737 4396.47 4371.694 4320.417 4267.173 4197.736 4124.414 4060.309 3997.972 3942.019 3901.422 3883.281 3887.021 3899.966 3904.746 3884.26 3826.721 3790.395 3767.487 3753.312 3743.596 3735.822 3729.102 3723.435 3718.861 3714.757
4128.289 4089.285 4051.499 4029.921 4032.429 4060.985 4108.578 4176.979 4249.822 4303.127 4337.594 4360.143 4392.546 4435.606 4505.386 4593.31 4684.801 4760.834 4798.723 4793.08 4749.391 4679.937 4602.608 4542.676 4516.82 4519.656 4543.545 4573.8 4601.598 4633.055 4671.638 4705.827 4718.762 4707.284 4673.249 4619.419 4560.669 4507.468 4459.471 4405.79 4334.568 4266.428 4191.649 4116.79 4052.463 3995.849 3942.676 3901.452 3878.532 3876.772 3890.864 3891.943 3870.104 3816.517 3786.023 3767.25 3755.188 3746.525 3739.122 3731.957 3724.801 3717.772 3710.974
4107.806 4064.384 4025.543 4002.204 4004.808 4037.545 4086.926 4145.462 4209.653 4260.804 4294.031 4314.291 4355.344 4411.807 4495.198 4596.562 4704.531 4803.968 4872.545 4889.702 4858.082 4787.053 4702.999 4638.745 4610.557 4613.581 4639.631 4678.558 4717.671 4763.097 4816.045 4860.53 4879.673 4868.117 4825.654 4756.381 4676.84 4597.57 4522.583 4449.211 4361.923 4277.64 4193.771 4114.059 4050.074 3994.784 3941.082 3897.425 3863.127 3845.876 3847.375 3846.717 3833.105 3804.203 3784.032 3769.662 3759.559 3751.697 3744.351 3736.561 3728.144 3719.514 3711.398
4076.086 4034.497 4002.251 3989.572 3999.353 4028.776 4072.383 4124.765 4191.198 4244.052 4279.486 4305.815 4353.078 4417.226 4505.79 4613.198 4731.595 4849.89 4944.598 4985.612 4968.002 4901.156 4817.555 4753.045 4725.326 4730.741 4760.58 4804.628 4854.183 4913.736 4979.373 5032.605 5052.671 5032.717 4972.599 4880.156 4774.498 4671.132 4574.551 4481.818 4385.296 4290.196 4197.985 4114.124 4048.662 3991.719 3933.799 3887.127 3842.633 3810.358 3804.011 3804.162 3802.589 3798.552 3784.675 3773.426 3765.215 3758.309 3751.107 3742.715 3733.11 3723.052 3713.75
4020.913 3994.225 3977.413 3978.967 3998.936 4031.352 4076.584 4132.34 4203.497 4263.449 4305.531 4336.686 4387.66 4455.313 4542.763 4650.059 4771.062 4897.4 5008.4 5074.523 5073.498 5016.153 4939.695 4878.414 4853.667 4862.518 4894.49 4943.631 5002.332 5073.217 5148.235 5205.875 5220.299 5183.235 5096.022 4975.239 4842.671 4716.892 4603.167 4498.183 4396.084 4296.293 4200.354 4114.135 4046.294 3985.832 3920.41 3871.745 3829.981 3800.273 3789.568 3788.406 3788.744 3787.984 3781.72 3775.864 3770.914 3765.717 3759.037 3750.12 3739.17 3727.38 3716.502
3958.29 3944.438 3945.448 3964.159 3997.719 4039.689 4096.233 4167.718 4249.098 4319.296 4373.364 4408.669 4452.695 4520.994 4608.181 4711.212 4826.715 4950.078 5066.185 5148.757 5162.835 5119.378 5055.013 5000.964 4980.22 4988.849 5018.694 5073.661 5141.915 5223.007 5303.88 5359.287 5361.412 5301.135 5187.958 5043.682 4889.776 4745.361 4618.108 4504.781 4399.094 4297.521 4200.389 4112.823 4042.632 3980.764 3913.202 3863.375 3824.999 3799.625 3788.143 3785.766 3783.634 3781.638 3779.395 3778.726 3777.117 3773.946 3768.09 3758.642 3745.945 3731.782 3718.667
3887.937 3888.751 3908.161 3943.983 3991.531 4044.632 4115.523 4208.203 4308.953 4393.877 4457.748 4497.907 4538.96 4604.707 4686.861 4780.241 4882.421 4993.922 5101.13 5184.031 5210.237 5190.796 5144.267 5094.454 5075.75 5079.383 5104.668 5165.442 5245.867 5338.422 5422.545 5468.413 5455.259 5373.505 5243.005 5085.438 4920.878 4765.726 4628.549 4508.22 4398.786 4295.5 4197.449 4108.228 4034.594 3972.847 3908.198 3859.511 3823.335 3799.935 3789.565 3785.76 3783.929 3782.598 3783.029 3784.054 3784.358 3783.04 3778.289 3768.28 3753.239 3735.806 3719.603
3815.086 3831.073 3874.285 3919.959 3975.978 4039.886 4127.03 4239.805 4358.198 4458.206 4529.511 4575.688 4616.558 4680.408 4759.482 4840.103 4920.13 5008.166 5096.716 5173.415 5208.738 5207.383 5177.085 5121.014 5098.013 5095.614 5120.927 5187.893 5282.588 5385.655 5470.308 5502.026 5477.175 5388.358 5257.529 5103.63 4941.888 4784.032 4639.461 4511.589 4396.133 4288.963 4188.934 4097.614 4018.878 3956.461 3901.178 3856.815 3823.412 3801.073 3793.03 3787.694 3782.651 3785.084 3787.336 3789.844 3791.505 3792.236 3789.294 3778.932 3760.894 3739.238 3718.997
3765.886 3798.204 3843.15 3891.606 3947.68 4022.944 4126.1 4252.771 4382.291 4491.724 4570.109 4613.009 4653.526 4712.359 4788.074 4861.385 4919.047 4979.159 5041.197 5106.999 5149.706 5160.348 5139.184 5088.506 5050.202 5035.97 5064.2 5137.129 5242.375 5350.838 5430.589 5455.643 5424.992 5344.893 5231.796 5098.832 4951.419 4798.188 4650.465 4514.354 4389.106 4274.025 4170.562 4079.7 4001.604 3939.187 3892.812 3854.179 3825.827 3807.641 3799.443 3789.064 3782.704 3785.967 3791.286 3795.153 3797.105 3800.001 3799.85 3789.92 3768.429 3742.182 3717.51
3743.637 3789.518 3830.649 3871.451 3922.689 4005.821 4117.128 4248.885 4380.815 4489.63 4562.628 4597.812 4634.012 4687.837 4753.982 4815.215 4857.521 4895.166 4937.598 4988.375 5030.166 5047.48 5036.039 4998.007 4957.865 4939.591 4965.308 5038.416 5142.294 5243.468 5310.632 5331.608 5307.875 5248.908 5167.026 5065.576 4942.785 4803.925 4658.638 4514.553 4376.131 4248.434 4138.86 4050.125 3978.361 3917.716 3879.027 3849.059 3826.38 3810.51 3799.935 3789.376 3782.704 3788.465 3795.872 3799.966 3800.058 3804.166 3805.646 3798.765 3774.238 3744.891 3717.974
3770.202 3814.846 3849.193 3877.141 3917.09 3996.236 4104.19 4230.403 4355.588 4454.023 4507.229 4529.512 4556.321 4598.977 4649.646 4698.575 4735.607 4767.064 4802.692 4846.523 4886.116 4910.315 4910.778 4886.919 4851.214 4833.333 4854.986 4920.263 5008.143 5090.125 5142.972 5161.102 5147.555 5109.888 5059.758 4995.472 4906.394 4790.198 4654.879 4509.554 4363.174 4226.045 4109.906 4018.678 3952.339 3903.182 3870.47 3846.262 3827.274 3811.96 3799.896 3789 3782.979 3790.854 3799.907 3803.269 3803.71 3805.486 3805.361 3798.814 3775.007 3746.547 3720.054
3844.381 3888.572 3909.305 3918.108 3938.147 3999.486 4091.32 4200.242 4311.335 4396.867 4433.743 4436.352 4442.916 4466.11 4501.608 4544.687 4585.308 4621.939 4661.945 4708.377 4749.453 4781.425 4795.021 4785.145 4759.025 4738.596 4751.168 4798.999 4861.089 4919.219 4956.434 4970.476 4964.708 4945.125 4920.006 4886.599 4833.253 4747.372 4630.866 4492.354 4344.293 4201.636 4080.891 3989.816 3929.443 3894.075 3867.744 3848.285 3831.03 3814.382 3799.866 3788.79 3783.501 3791.098 3799.904 3803.28 3803.392 3803.055 3800.154 3791.64 3772.525 3749.694 3728.775
3948.702 3993.852 4005.89 3999.656 3996.925 4022.888 4086.379 4170.146 4266.243 4339.766 4359.312 4340.2 4324.71 4327.464 4350.205 4389.307 4436.844 4484.625 4536.338 4590.714 4638.382 4679.436 4703.137 4704.618 4688.809 4667.549 4667.534 4689.433 4721.289 4752.792 4772.488 4779.751 4777.125 4768.824 4760.076 4748.209 4722.623 4667.791 4577.796 4454.084 4310.923 4166.948 4043.631 3955.54 3905.032 3882.997 3869.384 3856.837 3840.365 3819.346 3800.003 3788.372 3784.243 3788.775 3795.309 3799.943 3799.99 3799.995 3799.63 3788.242 3773.032 3757.125 3743.34
4055.499 4102.872 4110.129 4091.63 4066.767 4066.423 4097.988 4150.558 4221.16 4274.812 4279.37 4250.292 4218.668 4207.159 4221.981 4258.557 4311.764 4371.639 4435.803 4498.274 4556.313 4606.093 4640.584 4651.896 4640.666 4615.313 4601.655 4596.206 4600.046 4605.563 4606.217 4603.853 4599.379 4594.414 4593.712 4594.71 4588.689 4558.513 4492.815 4389.811 4260.377 4125.967 4009.678 3926.88 3893.363 3886.186 3884.233 3877.115 3858.484 3828.392 3800.709 3788.073 3785.244 3786.14 3790.22 3794.672 3794.953 3794.448 3793.37 3787.518 3779.843 3772.14 3765.744
4131.897 4176.539 4183.085 4165.144 4127.139 4114.485 4130.365 4166.195 4202.36 4222.348 4207.327 4173.27 4135.895 4122.246 4131.539 4167.564 4220.949 4286.671 4357.494 4425.332 4493.792 4555.2 4602.587 4625.32 4622.093 4598.64 4564.509 4524.141 4502.067 4484.608 4464.807 4451.006 4442.045 4437.051 4438.942 4444.896 4447.956 4432.44 4386.137 4305.778 4199.685 4083.946 3984.55 3916.922 3902.343 3912.188 3919.084 3912.747 3885.782 3840.691 3802.365 3788.004 3786.651 3785.831 3790.811 3799.839 3802.138 3802.518 3802.501 3801.978 3801.3 3800.562 3799.999
4159.65 4202.435 4210.688 4198.175 4170.983 4165.258 4183.361 4197.959 4202.893 4191.029 4154.359 4113.45 4081.345 4067.548 4079.847 4112.683 4161.545 4221.019 4289.162 4363.143 4438.884 4512.823 4576.871 4611.774 4618.049 4598.601 4555.207 4497.938 4435.814 4394.589 4354.343 4328.269 4313.144 4307.184 4308.176 4312.603 4315.819 4307.101 4274.886 4212.278 4130.749 4038.502 3964.72 3927.051 3937.44 3968.55 3980.216 3963.849 3908.589 3849.533 3803.607 3788.296 3788.641 3790.457 3802.439 3825.903 3839.318 3843.888 3844.973 3845.951 3847.619 3849.326 3850.63
4128.873 4171.22 4183.128 4179.488 4167.349 4176.06 4199.346 4208.258 4197.944 4162.445 4116.327 4080.102 4055.199 4046.872 4059.628 4089.956 4126.19 4173.251 4225.709 4296.243 4378.417 4463.006 4537.12 4589.566 4608.467 4597.192 4552.854 4489.576 4411.621 4341.907 4283.354 4243.092 4218.292 4208.386 4205.412 4203.846 4203.194 4196.074 4172.319 4124.828 4066.982 4001.089 3947.585 3935.042 3965.088 3998.079 4007.206 3984.102 3917.279 3851.982 3803.78 3790.918 3798.384 3805.901 3832.044 3874.549 3899.155 3908.103 3911.031 3914.064 3918.041 3920.826 3921.344
4042.224 4079.73 4095.288 4102.812 4112.534 4142.993 4180.291 4192.87 4179.088 4136.541 4097.931 4069.284 4052.027 4047.585 4056.818 4076.46 4100.144 4129.438 4167.226 4226.555 4305.821 4392.946 4474.613 4539.132 4572.312 4573.041 4536.716 4477.884 4393.037 4305.373 4230.425 4180.845 4152.238 4140.032 4132.516 4121.547 4114.34 4104.764 4084.761 4050.28 4008.288 3968.972 3935.042 3958.721 3993.073 4015.285 4015.562 3985.5 3915.773 3849.477 3802.56 3792.378 3804.758 3837.311 3884.784 3933.876 3969.89 3985.589 3993.849 4003.582 4014.245 4019.677 4017.049
3948.207 3975.677 3992.286 4011.726 4037.462 4081.827 4125.483 4143.826 4135.806 4106.565 4089.739 4078.112 4071.224 4069.862 4073.92 4081.378 4089.873 4099.433 4118.305 4165.315 4233.531 4312.035 4387.227 4448.813 4490.439 4505.262 4492.924 4449.319 4366.36 4272.536 4189.348 4129.298 4100.992 4092.021 4085.206 4070.031 4056.16 4040.503 4018.147 3993.097 3960.546 3935.155 3949.354 3986.149 4010.906 4021.732 4011.677 3975.056 3907.539 3844.214 3801.779 3799.25 3823.193 3871.492 3933.738 3989.17 4029.874 4053.008 4070.925 4094.06 4118.12 4129.228 4119.196
3901.964 3914.072 3920.988 3950.987 3984.216 4025.599 4077.269 4103.508 4111.029 4104.611 4111.212 4117.15 4119.804 4119.707 4116.243 4108.226 4097.897 4087.462 4091.946 4120.899 4176.761 4238.952 4299.029 4353.137 4399.787 4428.706 4436.077 4404.887 4327.809 4234.764 4153.039 4095.831 4064.255 4051.238 4043.965 4033.29 4020.041 4004.576 3983.655 3959.977 3935.369 3938.341 3962.739 3997.241 4016.705 4019.368 3999.289 3951.953 3893.804 3838.521 3802.011 3803.072 3839.064 3897.996 3969.995 4031.227 4079.707 4108.749 4133.332 4166.53 4202.292 4222.902 4203.268
3915.732 3922.069 3928.822 3953.312 3977.698 4007.18 4053.491 4092.796 4119.724 4144.693 4177.237 4198.454 4207.646 4206.104 4191.323 4158.823 4111.784 4085.493 4079.502 4096.79 4133.279 4181.448 4231.633 4285.871 4334.819 4381.133 4401.654 4384.237 4310.282 4215.295 4128.8 4072.3 4038.61 4022.501 4016.159 4010.905 4001.276 3994.272 3970.447 3948.705 3935.589 3946.682 3971.423 3999.83 4015.905 4014.815 3989.683 3931.405 3882.241 3839.686 3814.961 3820.641 3857.325 3916.655 3991.909 4060.344 4113.993 4156.014 4187.56 4216.025 4255.296 4283.981 4246.6
3996.237 4012.341 4019.871 4027.168 4030.767 4038.916 4067.952 4102.783 4145.274 4192.587 4248.602 4288.387 4305.368 4301.044 4270.227 4205.691 4133.443 4091.405 4074.469 4080.89 4106.299 4149.741 4200.484 4255.938 4311.741 4369.228 4399.615 4386.574 4316.734 4219.925 4127.83 4066.217 4026.81 4006.159 4000.148 3998.788 3988.228 3976.944 3958.3 3941.708 3935.976 3952.143 3976.053 4000.08 4013.186 4012.104 3988.911 3931.616 3885.473 3849.655 3832.179 3841.312 3878.658 3938.634 4015.219 4087.745 4144.423 4189.135 4215.651 4236.012 4255.622 4260.845 4232.386
4105.137 4143.193 4159.446 4158.482 4144.72 4129.118 4127.238 4141.934 4182.365 4229.367 4295.336 4357.328 4384.223 4378.368 4334.496 4246.929 4158.797 4100.819 4074.844 4075.951 4099.176 4140.033 4193.616 4253.328 4316.762 4382.822 4414.911 4403.657 4344.372 4247.038 4148.777 4078.71 4029.935 4001.764 3992.95 3986.439 3975.425 3962.923 3948.573 3936.626 3940.191 3955.793 3977.609 3998.939 4008.793 4010.978 3996.272 3953.035 3902.361 3866.187 3850.438 3861.097 3901.57 3970.242 4044.241 4108.937 4161.657 4199.612 4220.778 4231.363 4232.587 4218.284 4198.312
4210.031 4275.612 4308.768 4308.407 4283.559 4251.465 4225.038 4214.99 4229.011 4262.158 4317.725 4385.888 4417.484 4409.24 4357.912 4260.065 4164.349 4101.788 4073.957 4074.647 4098.656 4140.108 4197.866 4266.849 4339.568 4410.431 4446.009 4434.84 4377.089 4284.249 4186.46 4106.702 4048.412 4015.059 3997.993 3982.263 3967.343 3954.024 3943.227 3937.138 3943.212 3956.881 3974.852 3991.551 4000.657 4008.688 4004.06 3977.508 3922.02 3883.596 3865.984 3874.412 3913.829 3988.709 4067.557 4126.314 4171.379 4200.653 4215.451 4220.109 4215.839 4201.034 4178.653
4276.566 4366.415 4423.675 4432.729 4407.727 4370.212 4329.918 4294.905 4274.997 4284.606 4323.822 4391.03 4422.639 4409.257 4349.08 4247.349 4149.343 4093.21 4069.738 4073.025 4098.909 4143.1 4207.164 4290.705 4380.4 4458.936 4493.684 4479.437 4417.518 4326.524 4227.454 4142.807 4080.671 4038.144 4005.509 3983.683 3964.114 3949.258 3940.481 3937.872 3944.363 3956.037 3971.347 3987 3999.639 4006.886 4007.98 3991.84 3942.822 3899.55 3877.964 3881.549 3916.58 3991.969 4072.862 4131.646 4174.965 4199.388 4207.437 4209.572 4206.745 4198.879 4176.741
