geojson claro/35.asc
ncols         250
nrows         294
xllcorner     356259.7379845
yllcorner     7594389.0290068
cellsize      1116.07132812
NODATA_value  -9999
[rows 56 to 83 of 294, columns 0 to 62 of 250]
-138.4678 -121.1293 -104.0445 -88.78326 -76.0036 -64.65016 -51.54398 -31.44257 2.399384 57.55538 141.7137 263.3901 424.2895 599.4512 761.2396 890.0889 978.5626 1033.316 1075.671 1105.897 1128.039 1149.708 1158.767 1160.129 1160.179 1161.146 1163.591 1166.089 1167.874 1169.568 1176.1 1183.639 1195.531 1198.864 1199.205 1199.107 1199.731 1203.097 1214.839 1223.217 1232.214 1239.502 1246.825 1254.656 1263.85 1273.948 1283.56 1290.945 1294.968 1296.347 1300.054 1318.737 1344.503 1372.475 1401.009 1432.258 1464.179 1495.902 1524.371 1560.331 1600.9 1644.672 1691.03
-150.4769 -134.4642 -117.5398 -101.3976 -87.35419 -75.4288 -63.6012 -47.60192 -21.15108 23.49383 94.85294 201.6257 350.3538 521.5137 689.2037 829.8723 929.3506 993.7285 1037.274 1069.735 1097.17 1117.734 1125.58 1124.767 1124.383 1126.048 1131.34 1136.026 1139.975 1144.455 1150.099 1155.866 1162.848 1165.479 1165.947 1167.2 1171.78 1180.738 1195.472 1202.227 1213.442 1220.146 1228.078 1236.534 1248.546 1262.663 1276.744 1288.72 1296.783 1299.933 1300.712 1318.382 1343.133 1371.077 1399.648 1425.828 1453.46 1481.329 1508.573 1548.402 1590.866 1628.918 1671.227
-161.513 -147.1713 -130.8138 -114.0437 -98.62952 -85.50334 -73.76226 -60.21113 -39.23445 -3.384746 55.98096 147.7142 280.8277 443.8841 613.6478 765.0083 879.5541 954.3424 1003.181 1040.336 1075.112 1100.266 1106.417 1101.226 1100.172 1101.322 1109.011 1113.352 1116.607 1121.506 1124.922 1125.999 1128.586 1129.968 1130.594 1133.251 1141.716 1153.17 1168.489 1182.131 1196.908 1201.594 1210.978 1218.46 1233.392 1251.538 1270.133 1287.045 1299.831 1304.864 1308.604 1321.925 1342.875 1368.662 1396.097 1416.756 1442.778 1471.284 1501.346 1538.266 1575.734 1610.762 1655.418
-171.216 -158.7871 -143.4095 -126.3743 -109.6779 -94.9875 -82.46063 -69.99124 -52.8566 -24.08713 24.92044 103.2306 218.7968 370.7824 540.2973 701.8619 832.1513 919.2375 975.6108 1016.081 1060.269 1094.334 1099.883 1094.675 1092.123 1093.698 1099.71 1100.051 1100.475 1105.689 1106.682 1101.463 1100.541 1100.361 1100.475 1103.145 1114.806 1125.296 1140.809 1158.04 1174.86 1186.689 1198.625 1202.436 1220.303 1241.065 1262.74 1283.527 1300.108 1308.221 1313.515 1323.399 1340.06 1361.558 1384.103 1404.029 1433.748 1465.947 1499.341 1534.005 1568.689 1603.546 1646.119
-179.3365 -168.9264 -154.8766 -137.9916 -120.269 -103.8847 -89.9565 -77.45845 -62.67789 -39.33631 0.8703976 67.30282 169.2079 307.7382 474.7513 643.7598 787.7392 891.3848 958.358 1004.996 1048.682 1079.898 1090.239 1089.688 1088.812 1090.234 1093.526 1094.609 1096.108 1099.944 1099.66 1091.338 1085.766 1083.134 1083.409 1088.014 1098.197 1102.303 1116.811 1135.535 1154.173 1170.449 1185.723 1198.578 1212.526 1231.114 1253.14 1276.701 1298.268 1307.894 1313.413 1320.478 1334.709 1354.56 1376.978 1400.595 1430.54 1464.355 1499.512 1533.26 1566.579 1600.347 1635.71
-185.7701 -177.3177 -164.8359 -148.5083 -130.1082 -112.1095 -96.39561 -82.95375 -69.08916 -49.22869 -15.50528 41.88309 136.2839 259.3996 423.6837 598.9961 755.3917 873.8581 950.8481 1002.536 1044.636 1072.339 1083.922 1085.791 1087.482 1089.352 1091.545 1092.858 1093.923 1094.555 1091.531 1083.72 1076.739 1072.763 1072.609 1076.739 1084.219 1090.475 1101.538 1118.928 1136.994 1154.214 1170.471 1185.328 1199.946 1217.232 1238.146 1261.498 1284.039 1299.543 1307.61 1312.477 1327.131 1348.097 1372.618 1399.579 1428.5 1463.167 1499.646 1532.117 1563.523 1595.073 1622.078
-190.5764 -183.8567 -173.0364 -157.6118 -138.9355 -119.5533 -101.9135 -86.87068 -72.64021 -54.2674 -24.0141 27.96496 111.3918 227.9946 388.244 566.2841 732.8998 865.0745 952.5396 1008.547 1050.451 1074.418 1084.772 1087.874 1089.528 1090.968 1092.389 1093.319 1093.372 1091.386 1086.071 1077.933 1070.32 1065.624 1065.055 1068.864 1076.269 1085.826 1098.987 1109.693 1124.119 1139.846 1155.455 1170.234 1184.606 1200.292 1219.239 1241.323 1264.933 1285.108 1298.858 1301.421 1319.325 1341.976 1367.584 1395.763 1422.075 1458.609 1497.509 1527.125 1554.545 1580.063 1601.805
-193.9692 -188.6217 -179.4132 -165.1312 -146.5799 -126.1727 -106.7108 -89.80444 -74.49982 -56.57597 -28.70943 18.65245 95.10063 207.9669 366.1978 546.8395 721.6088 865.7253 965.743 1028.355 1068.582 1085.268 1090.876 1091.896 1092.774 1093.867 1094.703 1095.191 1094.518 1090.404 1082.779 1073.321 1064.807 1059.519 1058.712 1062.512 1070.122 1080.235 1091.592 1100.721 1113.728 1127.997 1142.582 1156.715 1170.361 1184.405 1200.353 1220.26 1245.25 1269.023 1287.638 1299.943 1317.078 1337.546 1360.008 1383.59 1408.241 1448.625 1490.248 1517.559 1544.043 1567.869 1587.094
-196.2845 -191.8664 -184.0883 -171.0752 -153.0005 -131.9891 -111.0181 -92.30236 -75.71071 -57.79145 -31.74004 11.8045 83.2509 192.8766 350.3159 534.2091 716.4738 872.3229 988.2686 1064.765 1097.451 1101.92 1100.178 1096.531 1096.211 1097.178 1097.455 1097.659 1097.004 1090.544 1079.982 1068.398 1058.633 1052.828 1052.166 1056.456 1064.661 1075.445 1087.543 1099.37 1107.519 1119.479 1133.07 1146.726 1159.913 1172.902 1186.641 1203.282 1230.099 1256.983 1280.412 1299.664 1317.081 1335.472 1355.243 1376.702 1401.838 1438.318 1475.32 1504.475 1536.01 1563.883 1586.004
-197.9162 -193.9692 -187.3506 -175.6127 -158.2882 -137.0853 -115.0171 -94.75877 -76.92142 -58.84454 -34.30804 5.882006 72.58647 177.6362 334.1574 521.5519 710.4245 875.4954 1001.819 1085.806 1120 1122.705 1112.626 1100.219 1098.36 1100.002 1100.032 1100.077 1099.961 1089.516 1074.93 1060.89 1050.041 1044.166 1044.451 1050.021 1059.25 1070.498 1082.195 1092.647 1100.45 1113.305 1127.197 1141.126 1154.714 1168.107 1182.271 1199.717 1224.083 1251.027 1276.838 1299.566 1317.755 1335.256 1353.777 1374.676 1400.133 1433.028 1467.835 1500.579 1535.041 1567.681 1596.197
-199.2519 -195.357 -189.5861 -179.0367 -162.6271 -141.5948 -118.8429 -97.38107 -78.46327 -60.15056 -36.81443 0.5063268 63.02565 163.5118 316.5363 504.7627 698.9036 871.8538 1005.994 1095.165 1133.547 1136.281 1120.648 1101.15 1095.411 1099.815 1103.547 1105.095 1099.98 1082.219 1063.189 1047.862 1037.318 1032.475 1035.262 1043.36 1054.384 1066.583 1078.63 1089.651 1099.892 1111.816 1125.407 1139.789 1154.341 1168.792 1183.38 1199.773 1222.75 1249.154 1275.59 1299.581 1318.521 1335.993 1354.173 1374.863 1400.075 1431.411 1465.682 1500.357 1536.086 1570.181 1599.777
-200.6057 -196.4309 -191.1976 -181.6862 -166.2619 -145.6685 -122.6079 -100.2875 -80.47935 -61.93874 -39.58424 -4.813231 53.58813 148.353 293.5685 479.4615 678.1414 859.5547 1002.152 1096.42 1136.811 1137.576 1116.464 1091.066 1072.758 1076.785 1084.373 1089.957 1083.741 1058.949 1038.86 1026.443 1019.618 1017.58 1025.382 1037.439 1050.917 1064.468 1077.232 1088.823 1099.928 1112.041 1126.051 1141.374 1157.385 1173.486 1188.67 1201.794 1224.354 1249.912 1275.761 1299.674 1319.171 1337.029 1355.286 1375.75 1400.383 1431.317 1465.62 1500.82 1536.174 1570.083 1600.112
-202.1823 -197.4948 -192.5309 -183.8732 -169.4321 -149.4649 -126.4035 -103.5494 -83.08717 -64.38722 -42.98696 -10.76674 43.21903 131.1673 264.4594 444.2466 645.2776 835.7563 988.1044 1087.419 1126.063 1120.157 1086.927 1045.024 1011.882 1006.471 1017.106 1030.692 1028.723 1010.012 998.0876 995.2545 998.1133 1001.867 1017.626 1033.973 1049.67 1064.495 1077.964 1089.572 1099.933 1112.805 1127.792 1144.237 1161.764 1180.116 1198.485 1211.14 1229.925 1252.745 1276.836 1299.826 1319.683 1338.078 1356.618 1376.868 1400.693 1431.122 1465.17 1500.097 1532.493 1564.624 1595.367
-204.0661 -198.7263 -193.814 -185.8277 -172.321 -153.1026 -130.306 -107.2119 -86.3483 -67.64406 -47.32967 -18.00607 30.49791 109.4435 229.6065 399.8856 600.1276 797.5687 958.658 1060.964 1096.045 1081.656 1033.023 982.7311 941.8798 932.6638 947.261 965.1208 967.1174 953.7301 947.0377 952.9276 973.9642 998.2885 1017.134 1034.187 1050.562 1066.326 1080.799 1092.637 1100.598 1114.523 1130.186 1147.016 1164.721 1182.763 1200.095 1215.533 1233.823 1255.186 1277.897 1299.965 1320.066 1338.974 1357.907 1378.062 1400.802 1429.111 1461.149 1494.548 1521.101 1548.694 1576.577
-206.2373 -200.1739 -195.1427 -187.658 -175.021 -156.6408 -134.3322 -111.2852 -90.25723 -71.67053 -52.46699 -25.98629 17.03312 87.08347 194.6111 352.3009 547.1616 745.8591 909.7792 1008.661 1040.488 1021.244 972.8499 924.3302 901.5818 898.3365 901.9686 906.8553 907.3623 902.7092 901.7138 913.467 952.1292 993.5903 1016.205 1034.112 1051.298 1068.33 1084.741 1099.38 1107.53 1119.141 1133.434 1149.469 1166.512 1183.718 1200.181 1216.575 1235.081 1256.167 1278.453 1300.072 1320.196 1339.32 1358.567 1378.803 1400.386 1423.608 1450.034 1477.316 1501.19 1526.565 1554.496
-208.6091 -201.7812 -196.4927 -189.358 -177.5187 -160.0567 -138.4458 -115.7151 -94.74292 -76.34239 -58.0691 -33.95595 4.648212 67.84799 165.8218 307.6669 491.6374 683.7214 844.2606 940.3267 968.0155 946.6161 902.6999 875.8339 885.2925 904.4948 911.5814 909.4147 901.5438 891.6547 888.1373 900.718 940.2869 986.1346 1010.762 1030.82 1049.903 1068.306 1085.406 1100.041 1110.835 1122.351 1135.77 1150.934 1167.281 1184.016 1200.143 1215.322 1233.729 1255.355 1278.295 1300.148 1319.656 1338.281 1357.339 1377.438 1398.203 1414.746 1436.121 1459.557 1482.286 1505.71 1535.697
-211.0626 -203.4328 -197.7583 -190.8296 -179.7217 -163.2473 -142.5397 -120.3967 -99.68698 -81.52819 -63.97475 -41.74624 -6.87409 50.05803 138.3262 265.5918 435.9692 615.1187 763.3206 850.9523 874.286 855.3372 829.2776 832.2084 888.926 949.2567 971.6352 967.1591 943.2517 917.6049 903.1116 905.2841 935.7117 972.6431 1000.791 1025.224 1047.405 1067.438 1085.088 1099.976 1111.811 1123.461 1136.367 1150.787 1166.424 1182.775 1198.992 1210.84 1229.391 1252.377 1276.969 1299.936 1317.532 1334.844 1352.9 1371.258 1388.452 1402.254 1422.198 1444.737 1468.931 1495.429 1521.838
-213.4797 -204.9947 -198.8035 -191.9323 -181.4822 -166.0573 -146.4462 -125.1463 -104.9117 -87.02213 -69.98603 -49.16755 -17.35287 34.02342 113.4743 228.2018 383.2958 545.5137 677.16 756.8589 781.3587 777.4171 786.1407 820.4512 896.4153 971.7183 1003.305 1006.631 992.837 972.1277 947.842 937.4466 948.9854 972.01 997.9253 1023.609 1047.648 1068.254 1085.492 1099.918 1111.448 1122.837 1135.262 1148.894 1163.34 1177.779 1190.886 1201.674 1222.45 1247.009 1273.105 1297.561 1312.062 1328.7 1346.476 1364.384 1381.751 1398.336 1412.395 1432.822 1456.378 1481.058 1506.042
-215.7614 -206.3529 -199.5022 -192.532 -182.6478 -168.3021 -149.9511 -129.7128 -110.1275 -92.50832 -75.71017 -55.70935 -26.08807 20.85396 92.76163 196.1667 335.0783 479.9712 599.0057 678.4478 711.7658 726.7413 772.7505 830.5992 908.6377 982.6297 1020.118 1031.639 1026.356 1012.063 993.2173 976.5537 974.7089 984.2993 1002.073 1029.897 1054.483 1073.242 1087.739 1099.907 1110.215 1121.12 1133.15 1146.192 1159.85 1173.566 1186.837 1200.115 1217.593 1240.166 1264.789 1286.869 1301.875 1320.823 1339.176 1356.792 1373.406 1388.434 1401.76 1423.969 1448.5 1473.917 1500.889
-217.8346 -207.4303 -199.7754 -192.5362 -183.0963 -169.8145 -152.8157 -133.7986 -114.9649 -97.54155 -80.60493 -60.62426 -31.91524 12.35134 78.94223 173.7372 300.6974 435.222 554.2486 645.913 707.22 748.2138 806.117 867.6401 931.2061 992.4842 1032.522 1050.908 1053.664 1047.979 1037.407 1022.035 1015.688 1016.863 1026.995 1052.823 1072.159 1084.235 1092.503 1099.902 1108.718 1119.277 1131.023 1143.594 1156.698 1170.146 1184.061 1198.907 1211.635 1232.535 1257.021 1280.489 1299.899 1316.433 1333.167 1350.2 1367.059 1383.371 1400.001 1421.661 1446.096 1472.292 1500.256
-219.6525 -208.1931 -199.6007 -191.9207 -182.7684 -170.4704 -154.8328 -137.0974 -119.0432 -101.6776 -84.13384 -63.22329 -33.75346 10.47122 75.52841 166.79 291.9498 430.1324 561.8277 673.8648 757.2769 815.0292 864.6442 907.2517 954.3673 1003.228 1048.29 1072.813 1082.634 1086.875 1090.6 1086.69 1082.322 1080.976 1084.522 1093.784 1098.898 1100.003 1099.967 1100.235 1108.611 1118.893 1130.076 1141.891 1154.12 1166.525 1178.846 1190.668 1201.821 1224.335 1249.874 1275.211 1297.864 1311.289 1326.912 1344.061 1362.195 1380.891 1400.191 1421.741 1445.639 1472.017 1499.892
-221.1858 -208.644 -199.0121 -190.7273 -181.6839 -170.2193 -155.8596 -139.3746 -122.0586 -104.6069 -86.06412 -63.36631 -31.50001 15.70412 84.67949 181.1857 310.2517 454.8683 596.4319 719.1938 809.912 870.6062 909.7589 942.8737 978.4475 1020.212 1075.175 1105.058 1120.178 1129.81 1140.94 1140.522 1132.626 1125.728 1122.308 1121.594 1119.368 1115.396 1111.555 1109.943 1114.338 1121.986 1131.38 1141.825 1152.909 1164.297 1175.715 1187.177 1200.072 1219.993 1243.296 1266.887 1287.547 1301.714 1319.04 1337.075 1356.921 1378.367 1400.199 1420.575 1442.879 1468.644 1496.363
-222.4174 -208.8065 -198.0804 -189.0554 -179.9306 -169.1003 -155.8513 -140.5053 -123.8671 -106.2616 -86.58733 -61.80441 -26.94771 24.29428 98.94193 203.1839 338.0692 488.497 634.8214 759.5682 849.0687 900.9219 938.0532 971.5054 1005.723 1048.272 1109.676 1154.039 1182.825 1194.741 1197.251 1187.664 1169.639 1156.088 1147.299 1141.273 1135.478 1129.395 1124.107 1121.288 1122.717 1127.524 1134.667 1143.42 1153.281 1163.876 1174.986 1186.727 1200.022 1217.009 1237.139 1258.674 1279.552 1298.19 1312.128 1328.493 1349.023 1372.566 1397.01 1414.482 1434.167 1457.907 1482.793
-223.3344 -208.712 -196.8889 -187.0339 -177.6508 -167.2278 -154.8713 -140.5034 -124.481 -106.787 -86.17952 -59.67978 -22.49642 31.52881 109.4924 218.9208 358.6334 513.4274 659.9896 778.6735 858.8096 907.9568 950.3466 994.1935 1039.802 1093.712 1159.133 1206.795 1241.458 1252.956 1244.51 1215.701 1191.367 1174.842 1163.677 1155.588 1148.59 1141.938 1136.154 1132.397 1131.734 1134.118 1139.079 1146.112 1154.756 1164.641 1175.536 1187.362 1200.065 1213.522 1230.142 1249.022 1268.231 1285.806 1300.125 1315.822 1336.541 1359.408 1381.839 1400.217 1419.663 1444.003 1470.303
-223.9278 -208.3831 -195.5128 -184.7895 -175.0079 -164.7744 -153.0711 -139.5043 -124.0576 -106.4424 -85.35177 -57.9305 -19.66573 35.32719 113.9809 224.504 364.9235 519.9872 665.0869 779.5947 854.4094 903.3213 948.5094 1003.473 1063.489 1123.668 1191.17 1246.332 1287.354 1297.986 1286.317 1246.703 1208.656 1188.313 1175.51 1166.892 1159.962 1153.425 1147.397 1142.756 1140.405 1140.726 1143.708 1149.115 1156.549 1165.611 1176.002 1187.507 1199.564 1208.358 1221.878 1238.475 1256.113 1272.98 1287.907 1302.445 1323.03 1344.294 1365.414 1384.744 1403.798 1429.151 1455.876
-224.1947 -207.8304 -193.9994 -182.4232 -172.1544 -161.9313 -150.6665 -137.7322 -122.8461 -105.5533 -84.58034 -57.28888 -19.49633 34.36574 110.9078 217.5953 353.114 504.0942 647.6287 762.6239 837.7189 889.0117 935.9673 1005.081 1079.131 1143.276 1205.956 1261.373 1300.26 1310.651 1299.645 1263.425 1224.934 1199.343 1184.764 1176.592 1170.537 1164.318 1157.896 1152.199 1148.223 1146.646 1147.811 1151.736 1157.981 1166 1175.234 1184.966 1193.939 1200.564 1213.03 1228.157 1244.859 1262.131 1279.624 1297.935 1312.972 1330.396 1351.033 1373.208 1396.631 1417.66 1443.217
-224.1423 -207.0546 -192.3645 -179.9904 -169.2061 -158.8772 -147.8878 -135.4567 -121.1367 -104.4376 -84.25121 -58.30864 -22.90044 27.09261 97.76634 194.6845 318.5934 460.683 602.8559 724.1462 808.2465 869.5309 926.2612 1002.021 1080.882 1146.36 1205.699 1257.594 1294.344 1301.5 1295.703 1263.86 1228.141 1201.207 1190.079 1184.95 1180.812 1174.807 1167.577 1160.513 1154.829 1151.399 1150.85 1153.542 1158.774 1165.824 1174.031 1182.748 1191.37 1199.717 1207.107 1219.317 1234.518 1251.267 1268.607 1285.551 1299.96 1315.577 1336.715 1359.949 1383.066 1403.75 1429.656
-223.7962 -206.0536 -190.5977 -177.5023 -166.2254 -155.7486 -144.9437 -132.9321 -119.1902 -103.3079 -84.49773 -61.05228 -30.02947 12.79241 72.41164 153.6495 259.8699 390.8842 532.1362 662.5729 764.4058 841.6511 911.3841 989.0866 1066.774 1132.756 1190.807 1235.822 1266.8 1276.916 1271.794 1249.332 1221.906 1200.81 1194.808 1193.076 1191.071 1184.521 1175.916 1167.267 1159.897 1154.702 1152.481 1154.387 1158.905 1165.167 1172.496 1180.274 1187.899 1194.745 1200.353 1211.339 1225.197 1241.026 1257.719 1273.905 1288.206 1302.297 1324.626 1348.44 1372.609 1396.589 1417.562
