geojson claro/35.asc
ncols         250
nrows         294
xllcorner     356259.7379845
yllcorner     7594389.0290068
cellsize      1116.07132812
NODATA_value  -9999
[rows 224 to 251 of 294, columns 63 to 125 of 250]
1042.802 1010.601 986.0668 959.6847 935.8683 915.0656 900.27 883.6814 871.929 877.0349 887.4401 898.9933 900.4568 907.6898 911.6837 915.6178 915.9597 912.8411 907.7457 904.1526 900.0732 899.9705 900.1896 909.8192 923.9871 941.3615 960.6676 980.4503 1000.318 1025.2 1052.805 1080.554 1105.976 1141.116 1176.524 1208.201 1248.889 1289.928 1321.396 1358.933 1401.841 1450.809 1497.321 1533.268 1565.951 1602.017 1647.763 1698.457 1749.117 1799.429 1849.117 1898.69 1947.234 1996.826 2047.862 2108.604 2188.315 2281.47 2384.737 2486.943 2580.342 2663.844 2734.614
1084.675 1046.68 1009.327 980.3197 949.8085 922.6282 900.7181 881.6581 869.1554 868.7336 875.4921 884.6501 890.7335 899.0737 900.6238 906.8126 907.8278 905.3434 900.1552 899.9424 897.6771 898.043 899.998 906.9911 919.5817 936.4768 956.2606 977.6914 999.6907 1020.667 1045.392 1072.481 1100.616 1134.023 1168.063 1201.214 1238.661 1275.273 1308.173 1352.282 1400.745 1451.311 1497.888 1533.491 1566.109 1602.335 1648.279 1699.015 1750.128 1799.927 1849.578 1899.067 1947.794 1997.006 2045.751 2101.156 2168.602 2248.286 2347.26 2448.99 2540.326 2623.113 2699.229
1099.013 1062.705 1022.533 990.0578 951.9396 920.174 896.3757 873.4991 859.2479 855.1377 858.181 865.1292 873.4215 883.0134 890.4269 899.2213 900.0921 899.821 896.088 895.145 894.7123 896.2994 899.9459 904.5345 915.7553 931.9998 951.7896 974.0201 997.1984 1014.414 1039.09 1068.307 1099.589 1132.302 1165.794 1199.439 1233.659 1267.835 1303.3 1349.722 1400.334 1450.645 1496.843 1531.352 1564.651 1602.438 1649.332 1700.863 1753.507 1801.955 1850.834 1899.441 1948.173 1997.441 2045.559 2097.557 2155.958 2224.259 2311.692 2403.598 2491.9 2573.281 2646.622
1091.032 1055.354 1011.54 973.4694 934.2388 901.0623 875.3239 854.0485 841.3459 836.5547 837.3932 842.6041 852.0398 863.3522 873.8678 883.0936 887.2555 889.041 888.6562 889.054 890.2604 892.6699 896.0477 900.2051 911.5595 927.08 945.7189 966.0736 986.0039 1003.526 1032.55 1065.456 1099.547 1132.305 1165.816 1199.658 1232.535 1265.938 1302.557 1348.679 1398.354 1445.166 1490.013 1523.521 1559.632 1601.575 1650.873 1705.271 1762.13 1808.189 1854.454 1900.384 1948.568 1998.2 2047.328 2098.279 2153.006 2213.18 2288.151 2364.186 2442.524 2515.03 2582.36
1054.777 1028.329 989.7183 946.4054 905.7089 873.7616 847.9833 828.5574 819.6449 816.5257 816.3965 819.7982 830.467 843.3252 855.4091 865.4519 872.0778 876.3162 879.0056 881.6892 884.9304 889.0135 893.9647 900.0137 909.0795 922.6713 939.94 959.4058 979.6307 1000.772 1029.641 1063.318 1098.766 1130.705 1164.906 1199.896 1232.443 1265.711 1302.202 1345.247 1390.944 1430.465 1471.047 1507.364 1549.245 1597.634 1650.656 1711.105 1776.394 1820.541 1860.817 1902.175 1949.557 2000.087 2052.169 2104.297 2160.856 2215.452 2278.147 2337.796 2406.493 2471.635 2533.2
1010.471 989.5424 952.6359 912.0102 875.1995 845.4911 820.9882 803.0361 799.7072 799.7691 799.9507 801.308 813.417 826.6709 838.8796 849.2142 857.2443 863.4882 868.661 873.6663 879.0292 885.0612 891.963 899.7994 906.0065 918.1244 934.6766 954.3044 976.1572 999.9859 1026.141 1058.176 1093.545 1123.604 1160.159 1198.142 1230.074 1263.526 1299.714 1336.514 1375.016 1410.633 1451.858 1492.657 1534.729 1587.142 1643.089 1709.957 1779.897 1825.552 1864.207 1903.598 1951.27 2003.748 2060.99 2116.052 2178.856 2232.397 2288.14 2339.184 2396.244 2453.465 2514.273
971.0479 945.2499 910.995 879.7708 844.5139 820.0906 800.3748 788.0272 785.7264 788.1062 792.6343 799.6476 806.1686 815.9596 826.252 835.7999 844.2227 851.7194 858.6913 865.599 872.7199 880.1234 887.619 894.5981 900.3657 913.0385 929.322 948.8938 971.5322 996.4846 1017.651 1046.592 1078.497 1108.915 1150.055 1191.108 1221.583 1255.914 1292.745 1324.594 1361.664 1399.286 1435.674 1473.499 1513.828 1567.16 1625.636 1698.818 1770.55 1820.179 1862.442 1903.932 1952.654 2007.101 2069.702 2126.158 2189.683 2243.942 2296.438 2344.693 2396.616 2450.401 2512.37
927.2042 900.0191 868.6837 838.3585 809.8792 797.2307 784.2103 776.6367 775.9885 779.9299 786.4086 794.0109 800.2068 808.6604 817.0122 825.29 833.4691 841.5817 849.7367 858.0542 866.5704 875.2161 883.7903 892.0251 900.0095 910.0713 924.0991 941.9419 962.5446 984.0135 1004.22 1035.098 1068.122 1101.431 1139.794 1176.338 1206.394 1242.242 1277.023 1308.332 1348.612 1389.369 1421.943 1459.93 1502.507 1553.215 1610.4 1679.917 1747.226 1805.406 1855.85 1902.284 1950.691 2002.968 2060.854 2120.218 2188.148 2244.53 2297.385 2345.854 2397.862 2452.036 2515.353
882.8615 855.2262 829.2958 804.0452 785.9814 776.9553 770.1788 767.1287 768.7111 774.0538 781.8694 790.9524 799.7794 804.9009 810.4707 817.2087 824.8606 833.1978 842.0685 851.343 860.8696 870.5117 880.1852 889.9244 899.6997 906.5681 918.498 935.0485 954.8984 976.6476 1000.27 1030.764 1064.362 1099.212 1134.69 1168.841 1200.517 1234.677 1268.361 1301.001 1337.714 1374.103 1407.498 1450.849 1497.284 1543.961 1595.287 1654.482 1721.687 1790.376 1846.796 1897.566 1943.973 1993.339 2046.438 2109.051 2177.508 2234.163 2289.211 2339.469 2396.242 2453.326 2518.2
834.0424 811.6172 797.3659 781.04 769.2089 762.9952 759.923 759.9526 763.3213 769.5658 777.7527 786.6807 794.7485 799.9968 804.6139 810.6952 818.0322 826.4478 835.7128 845.5411 855.6373 865.7548 875.7079 885.2867 893.8827 900.4296 912.3544 928.9518 949.5621 973.1869 999.7673 1030.449 1064.144 1099.198 1133.412 1166.83 1199.496 1232.599 1265.903 1299.116 1332.452 1366.461 1402.45 1447.98 1495.437 1536.861 1579.793 1630.588 1702.12 1774.255 1832.206 1885.444 1929.37 1975.688 2026.416 2093.149 2157.317 2214.375 2271.389 2325.412 2391.079 2452.116 2518.628
798.3734 784.774 774.7487 765.0461 757.9343 754.3132 753.5223 755.3689 759.7915 766.403 774.444 782.8536 790.3505 795.8508 800.0693 805.8661 812.8616 821.1797 830.5761 840.6401 850.9448 861.1582 871.0803 880.6547 890.0018 899.5162 907.8741 924.1208 945.9589 971.514 999.9682 1031.181 1064.887 1099.73 1133.734 1166.994 1199.841 1232.826 1266.054 1299.143 1330.968 1364.24 1401.814 1448.322 1495.447 1533.177 1571.014 1617.944 1687.252 1752.321 1809.171 1862.176 1909.597 1959.592 2013.285 2079.409 2140.22 2200.792 2258.902 2316.757 2385.011 2446.009 2512.761
777.1884 768.4592 761.5701 755.7322 751.6892 749.9769 750.5449 753.3129 758.1594 764.7374 772.4241 780.3922 787.8052 794.2159 799.9324 803.3057 809.2186 817.1646 826.4857 836.5648 846.8457 856.9052 866.5122 875.5913 884.2045 892.4246 900.8637 919.6158 943.3888 970.5936 1000.172 1031.411 1065.222 1100.22 1134.39 1167.636 1200.378 1233.495 1266.718 1299.562 1331.099 1364.276 1402.42 1449.517 1496.118 1531.875 1567.041 1611.108 1674.748 1732.393 1788.99 1841.418 1895.553 1947.84 2003.313 2063.65 2122.873 2188.862 2247.264 2306.045 2370.33 2427.383 2492.836
767.2702 760.8363 755.8957 752.1483 749.827 749.2266 750.4583 753.5355 758.356 764.6189 771.8027 779.228 786.2167 792.2595 797.02 800.0469 806.1422 813.9786 823.1956 833.2034 843.3755 853.2437 862.574 871.374 879.9059 888.8244 900.0052 918.3579 942.0626 969.6627 999.6513 1029.497 1063.836 1100.138 1134.332 1167.707 1200.68 1233.592 1266.919 1299.956 1331.695 1364.952 1403.164 1450.518 1496.624 1531.028 1564.517 1605.001 1658.877 1711.532 1766.766 1819.809 1880.527 1935.201 1993.765 2050.468 2108.962 2172.979 2227.771 2282.814 2336.175 2389.56 2453.019
764.7236 759.5852 755.7195 752.9833 751.4546 751.3127 752.7026 755.687 760.1967 765.9742 772.5659 779.3845 785.8408 791.4849 796.1248 799.9955 804.6462 811.6405 820.54 830.4351 840.5211 850.2888 859.5464 868.4276 877.3937 887.3628 900.0162 917.7195 940.1453 966.5433 995.737 1022.418 1058.594 1097.899 1131.428 1165.306 1199.542 1231.439 1265.455 1299.896 1331.851 1365.332 1403.563 1450.447 1495.83 1528.713 1562.324 1602.175 1651.325 1701.971 1754.181 1806.066 1862.459 1917.378 1978.863 2033.18 2089.394 2143.954 2196.081 2245.148 2293.861 2342.154 2408.868
767.0178 762.6143 759.2652 756.9094 755.5984 755.4767 756.6995 759.3563 763.4043 768.62 774.5908 780.7809 786.6433 791.7838 796.1239 799.9781 802.9192 809.373 818.2083 828.1194 838.2106 847.9964 857.3648 866.5433 876.0843 886.8469 899.9995 916.5819 936.6072 959.3101 983.3699 1008.152 1048.129 1090.286 1122.287 1157.296 1193.427 1223.751 1260.177 1297.92 1329.774 1364.134 1402.841 1447.51 1490.766 1521.941 1558.558 1601.146 1649.484 1699.369 1748.51 1798.408 1848.799 1901.8 1957.437 2010.621 2064.584 2114.32 2165.623 2212.142 2261.776 2312.475 2377.713
772.2321 768.2142 765.0654 762.7513 761.3421 760.9934 761.8752 764.0961 767.6313 772.2797 777.6544 783.2316 788.4388 792.7842 795.9681 798.0011 800.0406 807.1129 816.2891 826.2924 836.3975 846.2444 855.8091 865.3615 875.4314 886.7228 899.9734 915.4872 933.5673 953.8721 976.0973 1001.666 1037.838 1075.084 1106.635 1143.242 1177.907 1208.826 1249.814 1290.937 1322.512 1359.788 1400.233 1440.08 1477.184 1509.308 1552.783 1599.927 1648.204 1697.019 1741.88 1788.893 1833.941 1886.443 1939.304 1996.678 2050.901 2102.03 2153.771 2201.362 2250.955 2301.3 2359.52
778.7556 775.0283 771.9644 769.5432 767.8912 767.2068 767.6848 769.4458 772.4789 776.6012 781.4482 786.5022 791.1637 794.875 797.2657 798.0834 800.0222 806.6902 815.4797 825.1587 835.0643 844.8954 854.6444 864.5585 875.0721 886.7169 899.9684 914.8774 931.9852 951.4396 973.6272 999.9774 1032.764 1067.388 1100.478 1135.408 1169.138 1201.692 1239.652 1276.609 1309.245 1352.499 1396.401 1432.66 1468.061 1504.012 1549.379 1597.452 1642.535 1688.65 1727.546 1769.858 1812.85 1865.802 1921.46 1988.008 2046.492 2102.219 2158.914 2208.72 2260.505 2310.245 2364.805
785.4088 782.0858 779.1157 776.5353 774.5911 773.5505 773.6312 774.9573 777.5236 781.166 785.5513 790.184 794.4382 797.7278 799.9911 800.005 802.3271 807.9402 815.6997 824.6205 834.0806 843.778 853.6691 863.9125 874.8048 886.712 899.9789 914.7414 931.6067 950.988 973.4476 999.9818 1031.447 1065.377 1099.488 1133.249 1166.638 1199.904 1234.64 1269.108 1303.477 1346.399 1390.006 1423.413 1460.953 1501.159 1544.902 1590.022 1628.422 1670.074 1709.244 1754.732 1801.687 1854.901 1913.891 1985.116 2047.43 2108.778 2175.27 2229.966 2286.12 2340.374 2394.281
791.4891 788.8024 785.9316 783.148 780.9105 779.5522 779.2872 780.2246 782.3533 785.5276 789.457 793.6897 797.5326 800.001 801.6597 802.4747 804.842 809.5668 816.2529 824.2888 833.1969 842.7026 852.7167 863.289 874.5522 886.6998 899.9971 914.8433 931.8021 951.3806 974.0369 1000.372 1031.481 1065.37 1099.876 1132.98 1166.394 1200.002 1232.886 1266.359 1300.977 1338.827 1376.329 1409.674 1452.78 1496.794 1535.632 1574.321 1610.627 1655.724 1700.803 1748.639 1798.51 1851.873 1912.151 1984.618 2048.476 2112.968 2184.676 2245.368 2306.73 2373.936 2435.173
796.2874 794.8572 791.926 788.8743 786.4099 784.8394 784.323 784.931 786.6336 789.2948 792.6697 796.4161 799.9896 801.6926 802.9931 804.2656 806.6483 810.75 816.5532 823.787 832.1671 841.4935 851.6525 862.5948 874.2887 886.7232 900.0214 914.8655 931.8949 951.7295 974.6354 1000.682 1030.906 1064.483 1099.248 1130.835 1164.522 1199.148 1230.349 1263.764 1298.955 1332.286 1367.374 1403.3 1445.874 1489.53 1524.185 1562.61 1602.992 1650.039 1698.65 1747.499 1798.61 1851.774 1911.61 1983.038 2046.594 2113.319 2187.779 2252.357 2317.459 2393.998 2467.109
800.0532 799.9559 796.3708 793.186 790.7546 789.1748 788.5406 788.8931 790.1838 792.2604 794.8544 797.5875 800.002 801.948 803.5201 805.1505 807.5398 811.2004 816.3245 822.9014 830.8356 840.0198 850.348 861.7076 873.9349 886.7917 900.0569 914.3742 931.0725 951.0146 974.2844 1000.198 1027.421 1059.417 1093.945 1122.647 1157.091 1193.269 1222.206 1256.406 1292.895 1323.233 1359.507 1398.371 1435.936 1474.266 1509.541 1553.737 1599.875 1647.642 1697.194 1745.71 1797.908 1850.564 1908.948 1977.03 2039.553 2110.094 2187.095 2253.607 2320.328 2400.22 2477.641
804.0936 800.0284 797.8297 795.7704 793.8908 792.5309 791.9042 792.0822 793.02 794.563 796.45 798.3406 800.0001 801.822 803.5396 805.3323 807.6536 810.9541 815.5461 821.5944 829.1558 838.2081 848.6686 860.4032 873.197 886.6734 900.0806 912.6832 928.3547 947.8834 970.9788 996.5325 1018.368 1047.532 1078.752 1106.995 1143.265 1177.829 1206.865 1242.817 1277.642 1308.511 1348.864 1390.326 1424.166 1462.622 1502.795 1548.745 1596.795 1642.101 1690.318 1737.533 1792.587 1845.312 1902.554 1964.408 2026.969 2104.279 2184.317 2251.618 2318.545 2397.534 2472.973
808.8098 803.1307 800.0011 798.0669 796.3439 795.1072 794.5037 794.5627 795.2301 796.3679 797.754 799.0665 800.001 801.6537 803.3263 805.0717 807.2203 810.1842 814.3381 819.9562 827.19 836.0702 846.519 858.3751 871.4149 885.3314 899.3007 908.5815 923.1903 941.7851 962.7407 984.2217 1004.524 1035.949 1068.913 1100.757 1135.642 1169.524 1200.998 1234.848 1268.699 1301.656 1338.597 1375.553 1409.32 1452.759 1497.78 1541.667 1588.015 1628.138 1672.633 1719.689 1779.843 1834.924 1895.542 1955.764 2019.833 2099.837 2180.282 2247.169 2314.161 2390.179 2458.779
812.9565 806.2101 802.1838 799.9946 798.1426 796.9827 796.4249 796.4124 796.8796 797.7285 798.8304 799.9995 800.6289 801.7386 803.0654 804.5603 806.4427 809.0847 812.8812 818.1552 825.1022 833.7601 844.0079 855.5698 867.9987 880.5525 891.9496 900.8184 917.0834 935.8822 956.1495 977.3685 1000.507 1031.625 1065.627 1099.577 1132.613 1165.978 1199.075 1230.046 1263.568 1298.496 1331.429 1366.552 1402.881 1445.693 1489.739 1527.286 1569.096 1609.379 1656.335 1705.703 1763.055 1820.589 1888.186 1949.991 2015.597 2094.84 2172.192 2238.86 2308.509 2384.412 2450.264
815.5822 808.1057 803.2001 800.006 798.9407 798.179 797.7579 797.7145 798.0125 798.5718 799.2809 800.0001 800.724 801.6171 802.6495 803.854 805.4525 807.8187 811.355 816.3953 823.136 831.5958 841.6066 852.822 864.7461 876.7578 888.3315 899.9079 915.0071 932.9274 952.933 974.9443 1000.087 1030.868 1064.847 1098.944 1128.687 1160.569 1194.017 1221.63 1255.499 1292.222 1322.783 1359.836 1399.284 1437.49 1474.819 1509.79 1554.457 1600.173 1648.7 1699.508 1754.267 1813.014 1882.659 1944.51 2010.652 2086.205 2156.08 2225.228 2301.939 2381.718 2449.881
816.0455 808.7295 804.0295 801.1471 799.9993 799.1146 798.6841 798.5944 798.757 799.0941 799.527 800.0001 800.6122 801.3136 802.0851 803.0071 804.3442 806.5121 809.9162 814.8704 821.5433 829.9215 839.8029 850.8256 862.5443 874.5765 886.8488 899.9229 914.6921 932.1168 952.0847 974.5836 1000.178 1029.868 1062.254 1094.761 1119.237 1148.555 1178.974 1206.32 1241.705 1276.829 1308.986 1352.063 1395.591 1430.218 1465.193 1502.65 1548.773 1597.762 1647.127 1698.108 1750.739 1808.152 1875.107 1935.413 2002.84 2074.892 2140.909 2214.305 2298.48 2383.232 2457.714
813.6066 807.6378 803.9179 801.4755 800.0004 799.4403 799.1832 799.1189 799.2089 799.4124 799.6841 800 800.4301 800.9287 801.4528 802.0991 803.1932 805.2573 808.6836 813.7328 820.5231 829.0021 838.937 849.9553 861.6447 873.7339 886.3274 899.942 914.8414 932.3271 952.4517 975.0258 999.9958 1027.09 1055.256 1082.085 1104.932 1136.615 1168.949 1200.177 1234.144 1268.292 1302.872 1345.708 1389.136 1421.13 1458.076 1500.154 1547.815 1598.099 1647.875 1698.317 1748.879 1802.607 1861.848 1921.096 1991.6 2058.999 2125.112 2206.073 2296.571 2386.98 2470.669
807.9122 804.6953 802.6917 801.189 800.0004 799.6212 799.4255 799.3641 799.4185 799.5607 799.7617 800 800.2278 800.5514 800.8567 801.2278 802.0565 804.1223 807.7434 813.0828 820.1964 828.9911 839.2048 850.4232 862.1829 874.1604 886.4819 899.923 915.0708 933.0753 953.525 975.8907 999.823 1024.41 1049.765 1075.042 1100.474 1131.826 1165.249 1198.934 1232.056 1265.582 1300.198 1337.946 1375.015 1407.834 1451.018 1498.635 1548.176 1598.969 1648.989 1698.91 1748.292 1799.627 1854.379 1913.612 1985.06 2049.947 2117.354 2202.341 2295.5 2388.358 2476.382
