geojson claro/35.asc
ncols         250
nrows         294
xllcorner     356259.7379845
yllcorner     7594389.0290068
cellsize      1116.07132812
NODATA_value  -9999
[rows 140 to 167 of 294, columns 0 to 62 of 250]
-306.9781 -290.8876 -275.1725 -259.5854 -243.9497 -228.6767 -214.8576 -203.6931 -195.5655 -189.4191 -182.9668 -173.7058 -160.1709 -142.6708 -123.0494 -103.556 -85.34214 -67.2636 -45.37466 -13.3054 37.00568 114.1886 226.5509 376.7336 539.1273 686.4345 801.429 878.3098 910.5768 921.3313 930.3396 943.8891 962.3972 975.0477 959.8654 930.9247 903.0963 899.9992 900.2719 920.6881 956.3107 1002.082 1052.643 1094.17 1108.881 1116.276 1117.217 1112.984 1106.099 1099.956 1096.701 1093.114 1088.736 1083.588 1076.865 1069.038 1060.938 1053.212 1046.245 1040.232 1035.25 1031.302 1028.332
-306.1515 -289.7123 -273.61 -257.5831 -241.4649 -225.7229 -211.5504 -200.2685 -192.3563 -186.7926 -181.24 -173.0688 -160.6449 -144.1215 -125.253 -106.3071 -88.56622 -71.09434 -50.18601 -19.67151 28.35363 102.2607 209.8425 356.8119 517.7633 664.2361 776.0336 845.7109 883.0098 900.7576 919.3532 942.9681 974.5717 999.2975 977.6085 944.5404 914.8326 899.9993 900.2146 920.634 956.4533 1002.706 1054.344 1097.125 1115.578 1122.183 1121.42 1115.749 1107.596 1100.104 1099.942 1094.896 1089.569 1083.585 1076.487 1068.554 1060.386 1052.531 1045.359 1039.084 1033.802 1029.53 1026.227
-305.3557 -288.5655 -272.0507 -255.549 -238.926 -222.7236 -208.2375 -196.8871 -189.208 -184.1711 -179.3622 -172.031 -160.4122 -144.5594 -126.1992 -107.6555 -90.3572 -73.56941 -53.82445 -25.15809 20.09405 90.11549 192.538 332.9298 487.3707 627.7503 731.8774 791.0248 824.9451 853.5419 883.7451 915.2441 954.4606 979.2401 970.4508 945.5714 919.0582 899.9993 900.1788 920.1046 955.91 1002.603 1054.501 1097.968 1120.025 1128.302 1127.856 1122.046 1113.6 1105.314 1100.083 1095.934 1091.166 1084.776 1077.019 1068.517 1059.928 1051.763 1044.345 1037.847 1032.343 1027.841 1024.299
-304.599 -287.4491 -270.4918 -253.4883 -236.3632 -219.7416 -205.0022 -193.6173 -186.1266 -181.4566 -177.1171 -170.2763 -159.1071 -143.6401 -125.6311 -107.4931 -90.79689 -75.00316 -56.88651 -30.78563 10.59813 74.96284 169.4536 298.5893 441.2901 571.2392 665.8394 720.3112 757.491 791.6542 829.644 878.1146 923.9379 951.5266 953.0435 937.6628 916.9591 899.9993 900.132 918.408 954.1042 1001.841 1053.943 1098.257 1123.264 1133.992 1135.102 1130.242 1122.29 1113.669 1106.265 1100.055 1094.742 1087.174 1078.176 1068.665 1059.385 1050.798 1043.136 1036.482 1030.851 1026.216 1022.53
-303.8818 -286.3614 -268.9335 -251.4124 -233.8088 -216.8318 -201.906 -190.494 -183.0792 -178.5179 -174.2692 -167.4946 -156.3994 -141.0798 -123.371 -105.7782 -89.97757 -75.58447 -59.57688 -36.62191 0.0612151 57.38947 141.6051 258.8539 389.8996 509.8327 596.5509 651.7038 691.0225 731.3819 781.8638 835.8784 894.3358 926.8916 935.2564 927.2206 912.386 900.0585 899.9993 913.8596 949.7516 999.7585 1052.415 1098.264 1125.899 1139.207 1142.429 1139.154 1132.19 1123.617 1114.888 1106.786 1099.702 1090.167 1079.506 1068.698 1058.591 1049.575 1041.732 1035.018 1029.357 1024.681 1020.933
-303.1979 -285.2982 -267.3795 -249.3385 -231.2957 -214.0369 -198.9843 -187.5187 -180.0074 -175.2227 -170.6218 -163.4554 -152.0747 -136.7265 -119.3593 -102.5379 -87.97166 -75.31256 -61.65302 -41.84805 -9.466027 41.93641 117.8743 222.6183 342.6355 454.92 539.1295 597.4701 639.8557 696.5961 755.1343 814.3012 876.9807 910.2988 921.9448 918.7274 908.6116 900.0188 899.9993 904.3928 942.0273 995.064 1048.352 1097.262 1127.732 1143.728 1149.343 1148.074 1142.5 1134.328 1124.406 1113.036 1100.732 1092.47 1080.621 1068.453 1057.532 1048.174 1040.256 1033.573 1027.959 1023.304 1019.547
-302.5355 -284.2541 -265.8373 -247.2892 -228.8564 -211.3867 -196.2481 -184.6693 -176.8499 -171.478 -166.0713 -158.0758 -146.1003 -130.6157 -113.6927 -97.88872 -84.8349 -74.08095 -62.67711 -45.53499 -16.39645 30.92311 101.322 196.5408 307.4962 414.7349 503.8739 571.9186 624.2515 688.1899 748.6001 806.0682 862.9459 899.3671 914.0721 914.2106 906.7878 899.9993 900.3109 901.3698 935.2419 986.7508 1039.25 1093.764 1128.054 1147.123 1155.404 1156.504 1152.937 1146.066 1136.405 1124.134 1110.514 1098.832 1082.523 1068.259 1056.536 1046.938 1039.006 1032.379 1026.817 1022.186 1018.425
-301.8794 -283.222 -264.3173 -245.2908 -226.5221 -208.9011 -193.6934 -181.9174 -173.5685 -167.2632 -160.6455 -151.4574 -138.6574 -122.9911 -106.626 -92.03031 -80.60887 -71.66341 -62.06251 -46.67836 -19.40444 25.62761 92.65334 182.7763 292.8018 400.6258 495.257 573.9661 635.1997 698.077 758.6844 811.8921 862.5292 897.7249 913.9286 916.3678 909.244 900.0748 903.636 900.7912 929.1432 973.2468 1024.114 1087.41 1126.731 1149.135 1160.158 1163.87 1162.916 1158.469 1150.436 1137.927 1120.545 1100.411 1083.018 1068.394 1056.375 1046.558 1038.48 1031.758 1026.126 1021.433 1017.613
-301.2143 -282.1962 -262.8314 -243.3711 -224.322 -206.5941 -191.3122 -179.2457 -170.1686 -162.6483 -154.5152 -143.8847 -130.1259 -114.2747 -98.54407 -85.20224 -75.28407 -67.67784 -58.93914 -43.81892 -16.28715 29.34605 97.28384 189.1135 300.9528 409.2766 503.1024 584.6263 653.5208 717.9138 781.8199 833.065 875.2034 903.5954 922.9407 929.3814 923.6207 908.7606 905.1186 908.0804 933.2084 969.3375 1017.164 1083.609 1125.457 1149.978 1163.082 1169.254 1171.363 1170.599 1166.377 1156.434 1137.672 1110.187 1089.554 1072.688 1059.052 1048.118 1039.274 1032.028 1026.04 1021.103 1017.117
-300.5273 -281.1738 -261.3942 -241.5581 -222.2839 -204.4786 -189.1029 -176.6605 -166.709 -157.7926 -147.9746 -135.7857 -121.0291 -105.0029 -89.89517 -77.64993 -68.77765 -61.59692 -52.20484 -35.13946 -4.371144 45.59745 119.1097 219.4107 334.3686 440.8767 525.0615 600.4252 675.4373 743.9924 806.0886 858.9797 897.7643 923.9346 943.4478 955.3895 959.0435 952.8247 948.926 948.7407 956.2206 976.8771 1016.324 1082.192 1124.265 1149.265 1163.287 1171.208 1176.338 1180.205 1182.349 1179.989 1167.982 1143.236 1109.365 1084.284 1065.972 1052.285 1041.692 1033.298 1026.563 1021.151 1016.867
-299.81 -280.1566 -260.0229 -239.8799 -220.4341 -202.5698 -187.0757 -174.1981 -163.2991 -152.927 -141.4011 -127.6717 -111.9538 -95.75104 -81.13311 -69.59846 -60.98517 -52.87199 -40.74165 -18.7518 19.18479 78.39133 162.8851 273.4806 389.2225 487.1985 557.9022 619.29 692.9138 768.1052 830.3959 884.1458 918.8019 944.0403 964.2843 981.0244 994.8618 996.2402 994.7905 991.0433 981.287 987.2253 1017.421 1081.757 1122.542 1146.284 1159.632 1167.995 1175.193 1183.285 1192.277 1199.573 1198.253 1181.855 1139.214 1100.649 1075.957 1058.52 1045.395 1035.296 1027.467 1021.387 1016.708
-299.0601 -279.1523 -258.7374 -238.3635 -218.797 -200.8857 -185.2552 -171.9229 -160.0887 -148.3265 -135.2074 -120.0695 -103.4784 -87.0634 -72.68521 -61.28172 -51.89238 -41.18272 -23.8243 6.674979 56.62934 131.1886 234.9908 356.3479 471.2504 558.9732 611.4194 652.4489 713.4343 785.7299 846.7286 896.6566 932.0219 957.5411 976.6193 990.8412 1000.271 1006.286 1006.129 1000.055 990.7548 993.0308 1019.199 1082.284 1120.087 1140.46 1151.223 1158.293 1165.795 1176.21 1189.363 1200.41 1205.209 1196.376 1156.555 1112.379 1085.98 1065.424 1049.482 1037.394 1028.312 1021.502 1016.422
-298.2822 -278.1746 -257.5593 -237.033 -217.3934 -199.4461 -183.6781 -169.9215 -157.2524 -144.2809 -129.7991 -113.4667 -96.11725 -79.41944 -64.94872 -53.00969 -41.74235 -26.75652 -1.633876 41.15957 108.697 205.6358 332.6821 465.9549 578.9056 656.7593 695.0658 718.6526 756.1259 815.3952 868.3772 909.6937 943.648 967.2238 983.3569 994.0917 1000.093 1004.655 1004.689 1000.054 993.4027 997.3218 1025.04 1085.285 1116.944 1131.347 1137.796 1142.068 1148.123 1159.422 1177.794 1197.483 1200.387 1198.07 1166.807 1127.933 1097.577 1071.986 1052.785 1038.752 1028.558 1021.153 1015.785
-297.488 -277.2419 -256.5103 -235.9072 -216.2381 -198.2699 -182.3883 -168.2932 -154.9735 -141.0696 -125.5404 -108.2792 -90.29248 -73.22248 -58.31922 -45.24127 -31.19425 -10.64134 24.17808 82.39847 172.938 300.8066 453.4682 598.1022 708.5917 773.2937 797.7025 807.9294 829.5243 872.733 908.4834 938.7227 961.4411 976.8232 987.3076 994.806 999.9232 1000.051 1000.046 999.8374 994.3018 1001.899 1038.406 1090.496 1111.673 1118.183 1119.959 1121.063 1124.028 1133 1153.566 1178.104 1191.401 1191.599 1169.532 1135.101 1101.043 1073.995 1053.523 1038.542 1027.774 1020.098 1014.655
-296.6957 -276.376 -255.6086 -234.9969 -215.3366 -197.3711 -181.4311 -167.14 -153.4274 -138.942 -122.7332 -104.8294 -86.32576 -68.80166 -53.20863 -38.61914 -21.38028 5.204021 50.35132 125.4048 243.6351 400.8121 574.9388 730.6474 839.7611 892.1003 901.531 898.9538 907.7795 934.5007 957.0229 972.5898 980.0926 983.8835 986.754 989.7827 992.3827 992.7173 992.5447 991.8462 990.7485 1002.687 1042.27 1087.907 1099.801 1100.31 1099.857 1099.864 1100.015 1104.27 1126.619 1158.966 1183.056 1188.384 1172.46 1139.339 1101.935 1073.485 1052.286 1036.902 1025.978 1018.335 1013.036
-295.9279 -275.5988 -254.8679 -234.3035 -214.6842 -196.7556 -180.8456 -166.5534 -152.7646 -138.0959 -121.5982 -103.3346 -84.42647 -66.4045 -50.02022 -33.92946 -13.8061 18.02771 72.09071 161.4213 301.9876 480.4303 670.1659 837.3793 950.4855 995.4882 988.0317 971.7738 970.8368 987.4752 997.223 998.7405 990.9071 983.6282 979.8236 979.822 981.9849 984.1262 985.7052 986.4384 988.0397 1001.827 1037.967 1071.641 1081.696 1081.721 1081.768 1084.944 1086.432 1089.804 1107.776 1148.574 1183.021 1192.101 1180.585 1145.234 1103.131 1072.382 1050.161 1034.404 1023.484 1016.062 1011.07
-295.2094 -274.9302 -254.295 -233.8187 -214.2658 -196.4189 -180.6574 -166.6001 -153.09 -138.6559 -122.2524 -103.8878 -84.67054 -66.15428 -49.05714 -31.91435 -10.05065 24.78728 84.08131 181.7854 332.0584 520.4424 720.302 897.9108 1021.555 1068.058 1042.579 1017.1 1006.741 1010.987 1010.33 1000.671 985.4982 972.1763 965.3205 965.692 970.5969 976.8873 982.8916 987.98 991.8047 1007.965 1043.009 1070.049 1080.347 1082.131 1081.989 1081.826 1083.81 1086.242 1104.41 1149.843 1192.804 1200.548 1193.608 1152.673 1104.915 1071.362 1047.798 1031.531 1020.633 1013.538 1008.967
-294.5655 -274.3868 -253.8912 -233.5278 -214.0603 -196.3473 -180.8724 -167.3077 -154.4412 -140.6479 -124.6878 -106.4341 -86.97144 -67.97775 -50.36932 -32.92364 -11.12221 23.18085 81.41229 177.3577 324.8907 511.536 713.1837 896.9831 1030.825 1091.483 1080.829 1055.784 1035.555 1023.042 1010.738 993.7181 968.4299 951.0767 944.4628 949.1633 960.1188 972.6891 984.9707 998.0313 1006.824 1033.958 1065.227 1083.138 1088.294 1087.22 1084.581 1082.346 1081.917 1085.51 1104.639 1151.584 1196.619 1208.995 1197.907 1155.699 1105.602 1070.18 1045.357 1028.494 1017.631 1010.982 1006.937
-294.0184 -273.98 -253.653 -233.415 -214.0457 -196.5203 -181.4728 -168.6516 -156.7696 -143.9769 -128.7514 -110.7568 -91.06183 -71.56522 -53.61665 -36.55865 -16.48988 14.03448 65.58516 150.8153 284.9155 461.2375 657.3843 841.8903 983.5566 1061.812 1079.709 1067.869 1045.125 1019.969 995.1351 965.0182 937.4658 923.1824 920.6129 933.7618 953.3307 972.7429 988.9865 1005.946 1033.212 1067.326 1093.865 1099.608 1097.597 1092.689 1087.542 1083.637 1082.009 1085.706 1105.008 1152.255 1197.543 1212.146 1198.782 1156.491 1105.712 1068.977 1042.847 1025.242 1014.474 1008.5 1005.125
-293.586 -273.7158 -253.5743 -233.4666 -214.2053 -196.9149 -182.4167 -170.5493 -159.929 -148.4195 -134.1411 -116.4891 -96.51795 -76.42319 -58.14724 -41.81599 -24.35124 0.8496576 43.61574 115.6611 229.1836 389.2608 575.6945 760.0849 913.1248 1012.01 1055.888 1060.575 1040.179 1005.514 968.538 930.8708 905.2838 900.1847 902.1516 925.7168 954.2799 981.0493 1001.616 1026.469 1059.142 1092.782 1104.211 1100.116 1099.978 1094.888 1089.019 1084.318 1082.133 1085.899 1105.234 1152.558 1197.899 1213.011 1199.172 1156.955 1105.917 1067.843 1040.04 1021.403 1010.882 1006.057 1003.558
-293.2801 -273.5936 -253.6471 -233.674 -214.53 -197.5096 -183.6413 -172.864 -163.6812 -153.6318 -140.4258 -123.1497 -102.8313 -81.9978 -63.26469 -47.62213 -32.92617 -13.40516 19.98743 78.22304 172.7291 314.962 490.8661 675.173 839.2665 959.074 1026.194 1048.455 1034.679 997.2467 949.837 907.3558 893.0522 899.4747 907.8195 931.7174 963.1783 995.0237 1016.556 1042.007 1072.509 1099.702 1107.835 1104.245 1100.02 1095.028 1089.308 1084.389 1082.293 1086.023 1105.22 1151.961 1197.207 1211.218 1198.576 1156.356 1105.83 1066.315 1036.35 1016.261 1006.28 1003.433 1002.074
-293.1075 -273.6078 -253.8615 -234.0325 -215.0189 -198.2854 -185.0699 -175.4167 -167.7172 -159.1796 -147.0872 -130.1946 -109.4854 -87.79704 -68.42219 -53.18811 -40.85893 -26.34616 -1.133915 45.67624 125.7269 250.922 416.3287 600.5422 773.8991 909.5265 1001.729 1042.965 1036.535 996.7357 944.7076 901.7508 890.6724 900.0039 916.0785 940.6748 970.2285 999.3259 1020.91 1045.915 1074.343 1098.898 1106.471 1104.988 1100.022 1095.253 1089.82 1084.866 1082.511 1086.393 1104.24 1147.187 1189.878 1200.535 1190.825 1150.027 1103.348 1063.22 1031.129 1009.186 1000.075 999.9405 999.9368
-293.0706 -273.7488 -254.2058 -234.5394 -215.6759 -199.2262 -186.6205 -178.009 -171.6944 -164.5875 -153.5722 -137.0771 -116.0084 -93.46538 -73.31913 -58.16354 -47.53427 -36.94443 -18.15771 19.7911 88.69567 199.6373 356.6182 540.3641 723.0262 872.9704 993.6018 1053.421 1052.982 1007.678 953.4257 909.5758 900.5005 911.0673 928.9826 951.0336 975.1853 998.4195 1015.138 1038.758 1065.632 1088.893 1100.37 1103.081 1100.021 1096.121 1091.3 1086.778 1084.484 1087.717 1101.843 1134.167 1164.737 1174.27 1163.415 1131.425 1095.223 1057.239 1024.764 1001.34 993.5906 992.5227 992.299
-293.1696 -274.0053 -254.667 -235.1905 -216.5036 -200.3171 -188.2142 -180.4495 -175.28 -169.397 -159.3548 -143.295 -122.0079 -98.76952 -77.87814 -62.55711 -52.966 -45.14318 -31.14338 -0.06515211 59.8918 159.9506 309.4963 493.3601 686.1631 860.3813 999.0641 1080.139 1088.003 1036.867 980.3839 939.9304 927.9967 934.7604 948.639 963.5984 978.6852 992.1517 1002.678 1025.476 1051.534 1076.67 1096.896 1100.04 1099.954 1096.793 1093.191 1089.868 1088.055 1090.453 1100.385 1120.727 1140.083 1146.155 1135.167 1108.292 1080.514 1048.493 1019.828 1000.17 990.1966 986.0756 984.2081
-293.4031 -274.3665 -255.2303 -235.9759 -217.498 -201.5411 -189.7844 -182.5789 -178.1977 -173.2229 -163.9958 -148.4267 -127.1715 -103.5509 -82.12035 -66.51581 -57.38749 -51.20282 -40.25097 -13.75238 40.38931 134.1255 278.2306 462.3483 663.3073 854.2454 1011.031 1109.422 1130.35 1082.078 1016.35 975.9602 962.8068 965.7767 973.3232 978.3879 984.4283 991.8241 1000.244 1013.878 1033.655 1054.673 1074.862 1085.793 1091.594 1093.597 1093.86 1093.186 1092.198 1093.715 1099.878 1109.492 1120.776 1124.604 1116.64 1099.581 1071.371 1040.129 1013.689 999.0532 987.0684 980.2152 976.5372
-293.7687 -274.8226 -255.8797 -236.8788 -218.6442 -202.8771 -191.2822 -184.2912 -180.264 -175.8033 -167.1841 -152.1656 -131.2519 -107.6687 -86.02103 -70.13465 -60.96292 -55.31998 -45.78569 -21.66338 29.24197 119.2593 259.0532 443.6845 651.4578 854.9618 1029.009 1146.71 1178.263 1124.07 1053.617 1013.176 999.5959 997.8718 997.2487 990.576 988.3284 991.4308 999.0142 1001.193 1014.462 1029.115 1050.385 1068.119 1080.464 1088.328 1093.513 1096.495 1096.053 1096.114 1097.738 1100.21 1106.998 1109.201 1101.5 1092.268 1061.676 1030.059 1003.01 990.6941 980.7878 973.6207 969.0403
-294.2618 -275.3659 -256.5992 -237.8747 -219.9134 -204.2971 -192.6771 -185.5436 -181.4057 -177.0276 -168.7669 -154.3343 -134.061 -110.952 -89.43399 -73.2863 -63.60752 -57.45535 -47.77306 -24.16213 25.48763 113.6285 251.105 435.4048 645.6559 854.1689 1035.132 1160.267 1199.26 1158.612 1097.804 1058.285 1036.848 1022.193 1004.13 993.214 984.9713 981.4549 982.8997 986.3572 997.6377 1005.841 1031.219 1054.314 1071.285 1083.273 1092.633 1099.937 1100.016 1100.004 1099.997 1099.994 1100.047 1099.255 1086.611 1069.883 1044.044 1020.409 1000.342 986.4589 975.519 967.3976 961.9782
-294.8744 -275.9896 -257.372 -238.9315 -221.2635 -205.7642 -193.9539 -186.3516 -181.6625 -176.937 -168.7583 -154.8875 -135.4777 -113.1873 -92.06258 -75.61317 -64.88161 -57.16595 -45.81498 -20.98637 28.9774 116.3632 252.6958 435.1541 642.8238 848.244 1026.16 1150.345 1197.082 1172.795 1124.68 1095.77 1073.048 1053.03 1024.74 999.3052 979.9773 967.3453 962.5836 966.7831 981.1404 999.8633 1025.779 1049.855 1067.513 1080.064 1090.559 1099.879 1104.532 1106.462 1104.99 1100.18 1095.91 1088.04 1070.392 1047.423 1023.424 1010.256 998.795 983.3967 970.7588 961.5017 955.3317
